Sample_ID	N1	N1_spike	RPP30	S2	S2_spike
Plate1-A01	734	12279	15	2	0
Plate1-A02	292	3853	10	0	0
Plate1-A03	301	7695	6	1	1
Plate1-A04	305	7278	10	0	0
Plate1-A05	2647	1779	105	0	0
Plate1-A06	2997	6009	110	0	0
Plate1-A07	159	2528	45	4	0
Plate1-A08	247	6568	188	0	0
Plate1-A09	452	10933	13	2	0
Plate1-A10	392	6842	43	0	0
Plate1-A11	163	3288	7	0	0
Plate1-A12	224	5216	3	0	0
Plate1-A13	301	1529	7	0	0
Plate1-A14	763	11403	14	0	0
Plate1-A15	153	1205	1	0	0
Plate1-A16	4344	28227	5	0	0
Plate1-A17	36479	60935	16	0	0
Plate1-A18	58138	80609	14	0	0
Plate1-A19	12363	4084	4	0	0
Plate1-A20	8796	4077	4	0	0
Plate1-A21	88188	3747	16	8	0
Plate1-A22	33456	1364	8	1	0
Plate1-A23	294343	343	54	24	0
Plate1-A24	313448	379	56	0	0
Plate1-B01	3024	42521	9	0	0
Plate1-B02	1148	59048	0	0	0
Plate1-B03	458	7484	6	0	0
Plate1-B04	792	54668	1	0	0
Plate1-B05	3621	55417	5	0	0
Plate1-B06	994	17712	2	0	0
Plate1-B07	610	28000	63	0	0
Plate1-B08	429	60269	1	0	0
Plate1-B09	1921	51329	17	0	0
Plate1-B10	1141	79358	2	0	0
Plate1-B11	90	2322	3	0	0
Plate1-B12	182	9633	1	0	0
Plate1-B13	907	13640	3	0	0
Plate1-B14	385	24030	0	0	0
Plate1-B15	953	5671	1	0	0
Plate1-B16	3032	55909	0	0	0
Plate1-B17	51553	71911	6	0	0
Plate1-B18	19620	87966	0	0	0
Plate1-B19	107271	42852	4	0	0
Plate1-B20	17897	16125	0	0	0
Plate1-B21	15170	680	3	0	0
Plate1-B22	69695	7722	1	0	0
Plate1-B23	311219	360	15	2	0
Plate1-B24	205368	538	3	0	0
Plate1-C01	112	744	10	0	0
Plate1-C02	90	301	12	0	0
Plate1-C03	3459	11789	3	0	0
Plate1-C04	3155	7068	4	0	0
Plate1-C05	84	2697	8	0	0
Plate1-C06	61	1948	6	0	0
Plate1-C07	88	2541	4	0	0
Plate1-C08	109	2172	8	0	0
Plate1-C09	36	587	6	0	0
Plate1-C10	67	1143	8	0	0
Plate1-C11	57	309	94	4	2
Plate1-C12	77	243	133	0	0
Plate1-C13	21	169	5554	2	0
Plate1-C14	44	148	25333	0	0
Plate1-C15	12484	2052	12	0	0
Plate1-C16	10662	10563	6	0	0
Plate1-C17	4625	6939	87	0	0
Plate1-C18	4338	6333	84	0	0
Plate1-C19	13866	4135	8	0	0
Plate1-C20	16155	4823	9	0	0
Plate1-C21	250593	8478	14	0	0
Plate1-C22	178862	6451	4	0	0
Plate1-C23	323252	268	32	13	0
Plate1-C24	328015	350	30	1	0
Plate1-D01	129	1659	3	0	0
Plate1-D02	673	19289	0	0	0
Plate1-D03	1541	18911	2	0	0
Plate1-D04	1468	43225	1	0	0
Plate1-D05	118	3651	1	0	0
Plate1-D06	535	45754	0	0	0
Plate1-D07	105	12210	0	0	0
Plate1-D08	406	34010	0	0	0
Plate1-D09	960	17314	3	0	0
Plate1-D10	565	46440	0	0	0
Plate1-D11	54	489	52	0	0
Plate1-D12	235	21670	0	0	0
Plate1-D13	50	315	7253	0	0
Plate1-D14	236	12400	31	0	0
Plate1-D15	6620	19742	2	0	0
Plate1-D16	4813	50396	0	0	0
Plate1-D17	13960	20950	24	0	0
Plate1-D18	15619	64138	3	0	0
Plate1-D19	10161	3520	0	0	0
Plate1-D20	23265	13178	0	0	0
Plate1-D21	105017	3810	2	0	0
Plate1-D22	84409	6482	0	0	0
Plate1-D23	308749	207	21	0	0
Plate1-D24	190320	299	3	0	0
Plate1-E01	87	130	6	1	0
Plate1-E02	208	2844	9	0	0
Plate1-E03	20	479	7	0	0
Plate1-E04	74	4097	14	0	0
Plate1-E05	5720	1977	3	1	0
Plate1-E06	2553	6488	7	0	0
Plate1-E07	357	1538	3	0	0
Plate1-E08	301	2792	1	0	0
Plate1-E09	35	257	6	1	2
Plate1-E10	162	3528	5	0	0
Plate1-E11	38	336	6000	0	0
Plate1-E12	49	483	1485	0	0
Plate1-E13	41	610	7	0	0
Plate1-E14	1128	23706	4	0	0
Plate1-E15	113	319	6	0	0
Plate1-E16	149	1063	10	0	0
Plate1-E17	1963	81478	131	0	1
Plate1-E18	383	8702	217	0	0
Plate1-E19	281	10389	773	0	0
Plate1-E20	284	2755	1112	0	0
Plate1-E21	287	6328	17	0	0
Plate1-E22	136	8078	12	0	0
Plate1-E23	86	1776	11	0	1
Plate1-E24	528	13845	11	0	0
Plate1-F01	187	1873	4	0	0
Plate1-F02	587	59343	1	0	0
Plate1-F03	1811	60126	1	0	0
Plate1-F04	59	10619	0	0	0
Plate1-F05	1084	9672	3	0	0
Plate1-F06	4651	58614	0	0	0
Plate1-F07	221	1281	1	0	0
Plate1-F08	227	16915	2	0	0
Plate1-F09	80	1956	2	0	0
Plate1-F10	135	24826	0	0	0
Plate1-F11	38	1562	5	0	0
Plate1-F12	64	6961	1	0	0
Plate1-F13	29	859	4	0	0
Plate1-F14	166	12075	0	0	0
Plate1-F15	106	2267	3	0	0
Plate1-F16	161	64684	0	0	0
Plate1-F17	395	20478	125	0	0
Plate1-F18	238	29649	5	0	0
Plate1-F19	521	15469	117	0	0
Plate1-F20	118	43748	1	0	0
Plate1-F21	1187	29585	8	0	0
Plate1-F22	1044	71252	1	0	0
Plate1-F23	50	940	5	0	0
Plate1-F24	171	46044	1	0	0
Plate1-G01	7	749	27	1	2
Plate1-G02	40	519	44	0	0
Plate1-G03	18	549	2	0	0
Plate1-G04	38	28184	6	0	0
Plate1-G05	408	1493	32	3	0
Plate1-G06	362	1106	39	0	0
Plate1-G07	2400	73439	4	0	0
Plate1-G08	295	4189	6	0	0
Plate1-G09	90	4009	5	0	0
Plate1-G10	80	1531	2	0	0
Plate1-G11	237	11654	4	0	0
Plate1-G12	70	9729	4	0	0
Plate1-G13	62	233	49	0	0
Plate1-G14	109	101	43	0	0
Plate1-G15	25	617	15	0	0
Plate1-G16	349	14862	17	0	0
Plate1-G17	155	605	21	0	0
Plate1-G18	661	41208	21	0	0
Plate1-G19	9	449	6	0	0
Plate1-G20	177	4373	1	0	0
Plate1-G21	100	9450	10	0	0
Plate1-G22	115	3270	9	0	0
Plate1-G23	97	2243	15	0	2
Plate1-G24	51	473	17	0	0
Plate1-H01	85	3915	13	0	0
Plate1-H02	653	57710	0	0	0
Plate1-H03	551	42284	1	0	0
Plate1-H04	6	36410	0	0	0
Plate1-H05	274	7158	12	0	0
Plate1-H06	325	61446	0	0	0
Plate1-H07	228	5207	2	0	0
Plate1-H08	202	21171	0	0	0
Plate1-H09	63	1523	3	0	0
Plate1-H10	47	11024	1	0	0
Plate1-H11	24	2599	2	0	0
Plate1-H12	5	6906	0	0	0
Plate1-H13	92	42	45	0	0
Plate1-H14	25	47	3	0	0
Plate1-H15	29	337	2	0	0
Plate1-H16	425	54825	0	0	0
Plate1-H17	166	15824	0	0	0
Plate1-H18	55	2306	0	0	0
Plate1-H19	109	3346	1	0	0
Plate1-H20	44	17707	0	0	0
Plate1-H21	38	496	2	0	0
Plate1-H22	1074	58611	0	0	0
Plate1-H23	58	1078	8	0	0
Plate1-H24	56	6360	0	0	0
Plate1-I01	39	1613	67	0	32
Plate1-I02	56	163887	52	0	0
Plate1-I03	2041	188171	37	1	7
Plate1-I04	1475	42301	36	0	0
Plate1-I05	2829	211497	40	0	14
Plate1-I06	4312	144866	30	0	0
Plate1-I07	10637	149557	109	1	20
Plate1-I08	2396	38204	76	0	0
Plate1-I09	5086	35167	46	0	18
Plate1-I10	25063	191885	32	0	0
Plate1-I11	42445	204095	29	2	7
Plate1-I12	42131	110558	37	0	1
Plate1-I13	116805	145146	24	4	30
Plate1-I14	96046	136931	22	0	0
Plate1-I15	110702	142707	165	21	16
Plate1-I16	193211	64088	177	0	0
Plate1-I17	50744	246681	42	27	3
Plate1-I18	72564	160370	40	0	0
Plate1-I19	289614	30253	36	62	5
Plate1-I20	286218	30231	44	0	0
Plate1-I21	329584	13533	40	34	3
Plate1-I22	253811	4793	28	0	0
Plate1-I23	317834	6326	60	24	0
Plate1-I24	286366	3025	39	0	0
Plate1-J01	24	101758	24	0	0
Plate1-J02	13	62590	1	0	0
Plate1-J03	18	70122	11	0	0
Plate1-J04	11	53657	1	0	0
Plate1-J05	5204	70937	23	0	0
Plate1-J06	149	48810	3	0	0
Plate1-J07	10086	71117	23	0	0
Plate1-J08	1292	52978	2	0	0
Plate1-J09	21890	101664	22	0	1
Plate1-J10	2523	69153	3	0	0
Plate1-J11	12466	49963	19	0	0
Plate1-J12	4375	38745	3	0	0
Plate1-J13	43916	57087	9	0	0
Plate1-J14	17840	48520	0	0	0
Plate1-J15	104683	21554	61	0	0
Plate1-J16	30576	40124	3	0	0
Plate1-J17	68639	44848	17	2	0
Plate1-J18	43050	25078	2	0	0
Plate1-J19	170871	10166	23	0	0
Plate1-J20	84140	15175	1	0	0
Plate1-J21	99299	786	10	0	0
Plate1-J22	57333	5594	0	0	0
Plate1-J23	140945	1362	29	1	0
Plate1-J24	87862	1664	4	0	0
Plate1-K01	3387	174310	46	0	29
Plate1-K02	2276	179325	25	0	0
Plate1-K03	128	419	27	0	6
Plate1-K04	8237	95746	42	0	0
Plate1-K05	5203	199670	40	0	32
Plate1-K06	8235	168968	38	0	0
Plate1-K07	1310	36923	34	0	20
Plate1-K08	4448	188522	32	0	0
Plate1-K09	9899	73484	36	3	33
Plate1-K10	4083	33172	23	0	0
Plate1-K11	69185	148836	46	1	12
Plate1-K12	74320	139682	40	0	0
Plate1-K13	107407	98876	32	4	22
Plate1-K14	133659	83910	19	0	0
Plate1-K15	149996	61209	53	16	20
Plate1-K16	4177	865	39	0	0
Plate1-K17	274997	39040	59	30	5
Plate1-K18	261674	30474	43	0	0
Plate1-K19	304822	15064	27	27	3
Plate1-K20	257258	7222	37	1	0
Plate1-K21	312369	4618	82	35	2
Plate1-K22	250816	5262	57	0	0
Plate1-K23	253206	1379	64	32	0
Plate1-K24	330379	2297	43	1	0
Plate1-L01	35	90852	22	0	0
Plate1-L02	340	64908	6	0	0
Plate1-L03	1167	64985	10	0	0
Plate1-L04	48	47208	2	0	0
Plate1-L05	2175	82797	18	0	0
Plate1-L06	538	66019	1	0	0
Plate1-L07	1972	64505	17	0	0
Plate1-L08	1459	69633	1	0	0
Plate1-L09	22719	90468	22	0	0
Plate1-L10	1118	54720	1	0	0
Plate1-L11	19639	20851	19	2	0
Plate1-L12	4666	64669	4	0	1
Plate1-L13	57354	26144	9	0	0
Plate1-L14	13216	37686	3	0	0
Plate1-L15	70039	12024	24	1	0
Plate1-L16	24442	39744	2	0	0
Plate1-L17	104128	7050	19	0	0
Plate1-L18	59260	20583	6	0	0
Plate1-L19	100513	2071	19	0	0
Plate1-L20	67058	4908	2	1	0
Plate1-L21	112790	1009	36	0	0
Plate1-L22	61142	6623	2	1	0
Plate1-L23	210794	1247	37	0	0
Plate1-L24	108732	2254	5	1	0
Plate1-M01	336	34790	76	0	10
Plate1-M02	163	166095	47	0	0
Plate1-M03	135	110038	15	0	23
Plate1-M04	161	173905	9	0	1
Plate1-M05	66	148571	15	1	3
Plate1-M06	82	148869	18	0	1
Plate1-M07	79	146400	54	0	22
Plate1-M08	65	49217	42	0	0
Plate1-M09	121	77630	84	0	23
Plate1-M10	170	168051	58	0	1
Plate1-M11	34	95309	15	0	3
Plate1-M12	49	124840	13	0	0
Plate1-M13	273	193007	52	2	18
Plate1-M14	233	129293	44	1	0
Plate1-M15	15	8944	32	0	14
Plate1-M16	30	82366	24	0	0
Plate1-M17	2868	143466	38	0	18
Plate1-M18	4954	157301	39	0	1
Plate1-M19	3871	162842	117	0	10
Plate1-M20	5728	178738	100	0	0
Plate1-M21	13	4709	22	0	15
Plate1-M22	38	148919	15	0	0
Plate1-M23	559	185639	82	0	5
Plate1-M24	521	206718	79	0	0
Plate1-N01	78	85693	26	0	0
Plate1-N02	33	50231	3	0	0
Plate1-N03	78	82019	5	0	0
Plate1-N04	43	54250	0	0	1
Plate1-N05	30	7789	4	0	0
Plate1-N06	11	58611	0	0	0
Plate1-N07	74	108658	21	0	0
Plate1-N08	21	50632	2	0	0
Plate1-N09	101	112105	30	0	0
Plate1-N10	49	71212	3	0	0
Plate1-N11	28	109417	9	0	0
Plate1-N12	12	69694	1	0	0
Plate1-N13	186	139960	20	0	0
Plate1-N14	73	27064	2	0	0
Plate1-N15	26	97731	13	0	0
Plate1-N16	5	64600	1	0	0
Plate1-N17	41	87030	20	0	0
Plate1-N18	18	58245	0	0	1
Plate1-N19	215	101460	90	0	1
Plate1-N20	419	64692	11	0	0
Plate1-N21	20	67755	9	0	0
Plate1-N22	231	55353	2	0	0
Plate1-N23	276	118902	31	0	0
Plate1-N24	101	76935	4	0	1
Plate1-O01	6865	122385	270	0	27
Plate1-O02	12239	81910	190	0	0
Plate1-O03	56	167818	41	0	17
Plate1-O04	61	159659	33	0	0
Plate1-O05	248	42112	5	0	0
Plate1-O06	34	161308	9	0	0
Plate1-O07	1507	121128	18	2	12
Plate1-O08	6117	188451	20	1	0
Plate1-O09	243	7796	9	1	0
Plate1-O10	9025	147846	18	0	0
Plate1-O11	27628	126849	149	4	15
Plate1-O12	30725	154465	80	0	0
Plate1-O13	47694	162009	48	7	6
Plate1-O14	66724	127732	41	0	0
Plate1-O15	178282	95748	61	17	10
Plate1-O16	178415	98520	53	0	0
Plate1-O17	249375	59162	51	24	2
Plate1-O18	167296	19569	41	0	0
Plate1-O19	267598	34067	69	40	0
Plate1-O20	273990	13124	52	1	0
Plate1-O21	354380	20082	48	21	1
Plate1-O22	300545	8280	43	0	0
Plate1-O23	135675	2887	55	33	0
Plate1-O24	294049	4703	59	0	0
Plate1-P01	6554	42496	132	0	0
Plate1-P02	1986	80544	8	0	0
Plate1-P03	35	144821	12	0	0
Plate1-P04	59	42849	0	0	0
Plate1-P05	2267	111918	3	0	0
Plate1-P06	127	71412	1	0	0
Plate1-P07	465	19086	6	0	0
Plate1-P08	92	15794	1	0	0
Plate1-P09	1095	31134	4	0	0
Plate1-P10	110	10944	0	0	0
Plate1-P11	29925	93893	82	0	0
Plate1-P12	7876	68631	8	0	0
Plate1-P13	97660	75147	12	1	0
Plate1-P14	8906	78852	2	0	0
Plate1-P15	164896	104327	31	0	0
Plate1-P16	49679	59542	4	0	0
Plate1-P17	128738	16670	16	1	0
Plate1-P18	38583	43491	1	0	0
Plate1-P19	70489	4914	36	1	0
Plate1-P20	36408	11436	3	0	0
Plate1-P21	79419	1508	26	3	0
Plate1-P22	75937	14940	4	2	0
Plate1-P23	141453	1397	25	1	0
Plate1-P24	78306	4605	2	0	0
Plate2-A01	0	0	2	1625	106
Plate2-A02	0	0	4	7089	580
Plate2-A03	0	0	3	3407	369
Plate2-A04	0	0	2	21461	1207
Plate2-A05	0	0	570	3668	386
Plate2-A06	0	0	283	11953	1583
Plate2-A07	0	0	7	2243	347
Plate2-A08	0	0	43	16404	3415
Plate2-A09	0	0	16	6087	475
Plate2-A10	0	0	16	26202	2270
Plate2-A11	0	0	0	528	38
Plate2-A12	0	0	2	5691	656
Plate2-A13	0	0	9	2722	302
Plate2-A14	0	0	7	3201	277
Plate2-A15	0	0	1	1955	75
Plate2-A16	0	0	5	2041	234
Plate2-A17	0	0	2	6429	536
Plate2-A18	0	0	8	14658	853
Plate2-A19	0	0	1	4124	54
Plate2-A20	0	0	1	2378	48
Plate2-A21	0	0	18	32413	80
Plate2-A22	0	0	18	92498	238
Plate2-A23	4	0	28	277827	34
Plate2-A24	0	0	32	484347	46
Plate2-B01	0	0	11	3096	160
Plate2-B02	0	0	11	17653	2178
Plate2-B03	0	0	4	1019	370
Plate2-B04	0	0	4	10069	780
Plate2-B05	0	0	433	1225	142
Plate2-B06	0	0	648	4544	415
Plate2-B07	0	0	61	428	186
Plate2-B08	0	0	63	3812	393
Plate2-B09	0	0	6	750	140
Plate2-B10	0	0	27	8578	1020
Plate2-B11	0	0	0	177	26
Plate2-B12	0	0	4	6613	487
Plate2-B13	0	0	6	350	27
Plate2-B14	0	0	7	6958	781
Plate2-B15	0	0	3	194	21
Plate2-B16	0	0	5	5044	555
Plate2-B17	1	1	5	617	79
Plate2-B18	0	0	5	22652	2044
Plate2-B19	0	0	3	2956	44
Plate2-B20	0	0	0	3039	58
Plate2-B21	0	0	12	11564	36
Plate2-B22	0	0	10	145177	423
Plate2-B23	4	0	39	382540	408
Plate2-B24	2	1	42	470578	45
Plate2-C01	0	0	8	1179	100
Plate2-C02	0	0	6	2872	392
Plate2-C03	0	0	2	3764	313
Plate2-C04	0	0	5	4681	746
Plate2-C05	0	0	16	5498	391
Plate2-C06	0	0	26	3918	295
Plate2-C07	0	0	3	2437	120
Plate2-C08	0	0	4	9863	1659
Plate2-C09	0	0	2	755	50
Plate2-C10	0	0	5	4048	272
Plate2-C11	0	0	27	5658	655
Plate2-C12	0	0	34	20126	2242
Plate2-C13	0	0	793	3781	228
Plate2-C14	0	0	7966	16070	1004
Plate2-C15	0	0	4	4204	250
Plate2-C16	0	0	5	6080	670
Plate2-C17	0	0	76	3168	162
Plate2-C18	0	0	124	22654	1411
Plate2-C19	1	1	9	8414	129
Plate2-C20	0	0	7	21756	399
Plate2-C21	2	0	10	52139	100
Plate2-C22	0	0	2	133839	391
Plate2-C23	5	1	11	231550	40
Plate2-C24	0	0	17	450871	49
Plate2-D01	0	0	12	759	129
Plate2-D02	0	0	12	1939	129
Plate2-D03	0	0	8	884	28
Plate2-D04	0	0	5	13330	744
Plate2-D05	0	0	24	454	48
Plate2-D06	0	0	24	13466	905
Plate2-D07	0	0	4	608	65
Plate2-D08	0	0	6	15151	1211
Plate2-D09	0	0	3	360	32
Plate2-D10	0	0	8	10369	1179
Plate2-D11	0	0	23	3746	407
Plate2-D12	0	1	101	14450	2182
Plate2-D13	0	0	10464	2338	151
Plate2-D14	0	0	8139	8074	560
Plate2-D15	1	0	7	578	51
Plate2-D16	0	0	7	3300	276
Plate2-D17	0	0	132	775	73
Plate2-D18	0	0	53	6306	435
Plate2-D19	0	0	7	1271	54
Plate2-D20	0	0	12	51722	634
Plate2-D21	2	0	4	27749	71
Plate2-D22	1	0	7	77420	231
Plate2-D23	8	0	24	318801	16
Plate2-D24	2	0	22	432595	24
Plate2-E01	0	0	7	351	124
Plate2-E02	0	0	11	3374	1398
Plate2-E03	0	0	5	184	25
Plate2-E04	0	0	0	2134	261
Plate2-E05	0	0	2	213	47
Plate2-E06	0	0	1	451	344
Plate2-E07	0	0	0	186	39
Plate2-E08	0	0	2	3499	1473
Plate2-E09	0	0	3	544	176
Plate2-E10	0	0	7	1711	439
Plate2-E11	0	0	12482	255	332
Plate2-E12	0	0	11424	1680	1006
Plate2-E13	0	0	5	304	66
Plate2-E14	0	0	1	912	322
Plate2-E15	0	0	7	783	226
Plate2-E16	0	0	9	444	224
Plate2-E17	0	0	18	141	64
Plate2-E18	0	0	21	986	664
Plate2-E19	0	0	1770	362	95
Plate2-E20	0	0	1650	1377	597
Plate2-E21	0	0	9	219	61
Plate2-E22	0	0	13	1566	583
Plate2-E23	0	0	7	219	5821
Plate2-E24	0	0	8	1382	6346
Plate2-F01	0	0	13	163	60
Plate2-F02	0	0	10	2143	520
Plate2-F03	0	0	2	2143	192
Plate2-F04	0	0	12	3270	548
Plate2-F05	0	0	5	79	31
Plate2-F06	0	0	2	2162	655
Plate2-F07	0	0	5	160	50
Plate2-F08	0	0	1	1058	346
Plate2-F09	0	0	9	125	54
Plate2-F10	0	0	3	966	226
Plate2-F11	0	0	9362	152	164
Plate2-F12	0	0	12602	1065	359
Plate2-F13	0	0	6	158	29
Plate2-F14	0	0	9	1683	612
Plate2-F15	0	0	7	67	16
Plate2-F16	0	0	12	778	212
Plate2-F17	0	1	46	47	37
Plate2-F18	0	0	65	295	150
Plate2-F19	0	0	1403	258	104
Plate2-F20	0	0	2282	1411	407
Plate2-F21	0	0	15	50	75
Plate2-F22	0	0	8	431	170
Plate2-F23	0	0	11	163	4604
Plate2-F24	0	0	16	1541	406
Plate2-G01	0	1	2	399	6095
Plate2-G02	0	0	9	795	6818
Plate2-G03	0	0	4	110	60
Plate2-G04	0	0	6	1350	452
Plate2-G05	0	0	22	17408	3139
Plate2-G06	0	0	38	2021	969
Plate2-G07	0	1	10	581	201
Plate2-G08	0	0	8	1559	515
Plate2-G09	0	0	1	186	30
Plate2-G10	0	0	1	1569	580
Plate2-G11	0	0	0	1674	500
Plate2-G12	0	0	4	8074	1586
Plate2-G13	0	0	8	2259	636
Plate2-G14	0	0	14	4448	1233
Plate2-G15	0	0	4	1420	351
Plate2-G16	0	1	11	2816	1024
Plate2-G17	0	0	14	310	119
Plate2-G18	0	0	55	881	415
Plate2-G19	0	0	0	2024	443
Plate2-G20	0	0	2	2130	698
Plate2-G21	0	0	9	1125	176
Plate2-G22	0	0	6	1853	626
Plate2-G23	0	0	8	570	5725
Plate2-G24	0	0	3	1557	6247
Plate2-H01	0	1	21	131	4634
Plate2-H02	0	0	11	894	377
Plate2-H03	0	0	2	314	231
Plate2-H04	0	1	4	1884	371
Plate2-H05	0	0	41	951	266
Plate2-H06	0	1	28	4762	1460
Plate2-H07	0	0	12	67	34
Plate2-H08	0	0	18	1791	537
Plate2-H09	0	0	2	325	66
Plate2-H10	0	0	1	895	182
Plate2-H11	0	0	3	73	84
Plate2-H12	0	0	3	654	260
Plate2-H13	0	0	16	291	226
Plate2-H14	0	0	9	2016	703
Plate2-H15	0	0	7	111	36
Plate2-H16	0	0	18	3821	1164
Plate2-H17	0	0	51	177	59
Plate2-H18	0	0	24	2521	813
Plate2-H19	0	0	4	80	26
Plate2-H20	0	0	3	1283	364
Plate2-H21	0	0	5	72	17
Plate2-H22	0	0	21	530	114
Plate2-H23	0	0	5	99	4256
Plate2-H24	0	0	5	566	242
Plate2-I01	0	0	34	0	267154
Plate2-I02	0	1	57	8	302052
Plate2-I03	0	0	33	0	42055
Plate2-I04	0	0	29	3	191610
Plate2-I05	0	3	24	353	69785
Plate2-I06	0	0	30	6818	295220
Plate2-I07	0	1	148	5261	241377
Plate2-I08	1	0	137	10597	227635
Plate2-I09	0	0	29	7791	114569
Plate2-I10	1	0	25	5355	73978
Plate2-I11	0	1	29	931	5877
Plate2-I12	0	0	26	55752	246719
Plate2-I13	0	2	14	91655	199827
Plate2-I14	0	0	22	94114	208765
Plate2-I15	1	1	59	264921	103503
Plate2-I16	0	0	75	228331	93273
Plate2-I17	0	2	28	287211	37769
Plate2-I18	0	1	38	371830	60841
Plate2-I19	1	0	34	391659	18582
Plate2-I20	0	0	47	186224	12224
Plate2-I21	0	0	16	409637	5377
Plate2-I22	0	0	15	465499	8934
Plate2-I23	2	0	19	417376	2582
Plate2-I24	1	0	26	461244	4746
Plate2-J01	0	0	54	0	212838
Plate2-J02	0	0	60	6	3856
Plate2-J03	0	1	27	4	202182
Plate2-J04	0	1	31	0	195452
Plate2-J05	0	2	34	3864	189643
Plate2-J06	0	1	34	7	263785
Plate2-J07	0	1	106	8633	152619
Plate2-J08	0	0	93	10004	218505
Plate2-J09	0	0	26	12927	100651
Plate2-J10	0	0	45	11399	143130
Plate2-J11	0	2	23	37138	163007
Plate2-J12	0	0	37	958	3816
Plate2-J13	2	0	18	5435	17652
Plate2-J14	2	0	22	95732	215983
Plate2-J15	1	0	84	164281	89872
Plate2-J16	1	1	136	225692	90596
Plate2-J17	2	2	31	214770	29887
Plate2-J18	0	2	32	5914	782
Plate2-J19	5	0	40	346021	14949
Plate2-J20	0	0	40	403834	17128
Plate2-J21	4	0	16	288270	4977
Plate2-J22	0	0	24	35236	587
Plate2-J23	3	0	34	361494	1713
Plate2-J24	0	0	27	36063	355
Plate2-K01	0	0	15	11	242900
Plate2-K02	0	0	18	24	415
Plate2-K03	0	0	10	4	50
Plate2-K04	0	0	12	1661	205100
Plate2-K05	0	0	15	2149	290509
Plate2-K06	0	0	28	2414	150923
Plate2-K07	0	0	14	13864	236208
Plate2-K08	0	1	17	17802	246342
Plate2-K09	0	0	21	16305	243457
Plate2-K10	0	0	21	4265	127652
Plate2-K11	1	0	19	18275	67472
Plate2-K12	0	0	23	38793	173781
Plate2-K13	0	0	6	104049	181199
Plate2-K14	0	0	6	150879	163877
Plate2-K15	0	1	27	195612	159281
Plate2-K16	0	0	22	159808	66166
Plate2-K17	2	0	28	348151	52848
Plate2-K18	0	0	39	292048	52319
Plate2-K19	0	0	21	366006	15882
Plate2-K20	0	0	28	450303	26544
Plate2-K21	2	0	30	390789	6512
Plate2-K22	1	0	43	472914	7741
Plate2-K23	1	0	24	317442	1706
Plate2-K24	0	0	28	452096	2832
Plate2-L01	0	0	34	23	200871
Plate2-L02	0	0	36	4	285383
Plate2-L03	0	0	28	0	94944
Plate2-L04	0	1	36	14	2534
Plate2-L05	0	0	29	1560	227406
Plate2-L06	0	0	34	303	63051
Plate2-L07	0	0	25	2929	61450
Plate2-L08	0	0	35	774	20654
Plate2-L09	0	0	27	20747	179574
Plate2-L10	0	0	23	23087	184516
Plate2-L11	0	1	24	46970	151986
Plate2-L12	0	0	30	25	163
Plate2-L13	0	0	12	12785	20074
Plate2-L14	0	0	11	1868	2150
Plate2-L15	1	0	19	197799	75850
Plate2-L16	1	1	33	592	316
Plate2-L17	2	0	40	283620	37433
Plate2-L18	0	0	41	343114	58036
Plate2-L19	2	0	28	301004	13599
Plate2-L20	0	0	36	81515	3813
Plate2-L21	1	0	48	306285	4195
Plate2-L22	2	0	62	218742	4042
Plate2-L23	5	0	37	311123	1395
Plate2-L24	0	0	46	17092	162
Plate2-M01	0	0	57	175	166046
Plate2-M02	0	0	123	8	296673
Plate2-M03	0	0	9	258	206964
Plate2-M04	0	0	7	409	27807
Plate2-M05	0	1	7	51	91
Plate2-M06	0	0	13	60	257707
Plate2-M07	0	2	28	7	120995
Plate2-M08	0	0	28	12	201595
Plate2-M09	0	1	64	1182	166695
Plate2-M10	0	1	63	35	315291
Plate2-M11	0	0	2	6	44372
Plate2-M12	0	0	7	1	236736
Plate2-M13	0	0	61	145	99712
Plate2-M14	0	0	60	216	298320
Plate2-M15	0	0	12	10	147143
Plate2-M16	0	0	19	6	98617
Plate2-M17	0	1	35	13	243394
Plate2-M18	0	0	35	8	188236
Plate2-M19	0	1	43	20	88652
Plate2-M20	0	1	51	18	323620
Plate2-M21	0	0	8	15	122276
Plate2-M22	0	0	9	16	317168
Plate2-M23	0	1	43	19	3965
Plate2-M24	0	0	47	1697	315897
Plate2-N01	0	0	73	5	228221
Plate2-N02	0	0	73	4	869
Plate2-N03	0	2	10	385	56034
Plate2-N04	0	0	14	136	9885
Plate2-N05	0	2	9	94	53830
Plate2-N06	0	1	13	43	14013
Plate2-N07	0	2	32	1	210336
Plate2-N08	0	1	25	4	2494
Plate2-N09	0	1	77	24	214195
Plate2-N10	0	0	98	32	331
Plate2-N11	0	0	15	0	27993
Plate2-N12	0	0	20	2	384
Plate2-N13	0	0	55	125	207024
Plate2-N14	0	0	68	29	830
Plate2-N15	0	0	22	6	88576
Plate2-N16	0	0	25	3	12512
Plate2-N17	0	0	20	8	150383
Plate2-N18	0	0	39	9	239976
Plate2-N19	0	0	59	10	244682
Plate2-N20	0	1	72	12	437
Plate2-N21	0	1	15	13	4393
Plate2-N22	0	0	13	10	38359
Plate2-N23	0	1	50	16	214251
Plate2-N24	0	0	82	11	262746
Plate2-O01	0	0	376	224	216961
Plate2-O02	0	0	405	1668	268263
Plate2-O03	0	1	28	1393	255443
Plate2-O04	0	0	34	437	86722
Plate2-O05	0	0	5	37	16715
Plate2-O06	0	0	5	679	111579
Plate2-O07	0	0	19	6767	84233
Plate2-O08	0	1	16	9152	301129
Plate2-O09	0	0	10	659	4645
Plate2-O10	0	0	17	44154	312658
Plate2-O11	0	2	18	76381	178592
Plate2-O12	0	0	41	108617	253019
Plate2-O13	0	0	67	137619	94610
Plate2-O14	0	1	94	140889	77955
Plate2-O15	1	0	27	188988	61407
Plate2-O16	2	0	33	346784	78773
Plate2-O17	0	0	28	404552	26929
Plate2-O18	2	2	34	457437	41925
Plate2-O19	2	0	21	447158	10888
Plate2-O20	0	0	23	500598	13624
Plate2-O21	0	0	21	247736	2163
Plate2-O22	0	0	32	483489	4558
Plate2-O23	0	0	34	388551	1725
Plate2-O24	0	0	40	220302	1405
Plate2-P01	0	0	387	108	195645
Plate2-P02	0	2	174	185	261880
Plate2-P03	0	0	49	2	106998
Plate2-P04	0	0	35	3365	286017
Plate2-P05	0	0	4	268	24658
Plate2-P06	0	0	0	1	63
Plate2-P07	0	0	15	5544	82468
Plate2-P08	0	2	22	1905	30774
Plate2-P09	0	0	20	115	398
Plate2-P10	0	0	25	3172	28009
Plate2-P11	0	1	81	160	284
Plate2-P12	0	1	87	2992	6499
Plate2-P13	0	0	96	78260	28279
Plate2-P14	0	1	62	22888	13781
Plate2-P15	1	1	49	288638	57837
Plate2-P16	2	0	44	2264	528
Plate2-P17	3	0	51	222864	17883
Plate2-P18	0	0	44	29586	3119
Plate2-P19	3	0	35	340687	10203
Plate2-P20	1	0	39	278812	6591
Plate2-P21	5	0	28	280859	2443
Plate2-P22	1	0	25	293951	3054
Plate2-P23	1	0	67	278368	1405
Plate2-P24	1	0	50	20149	90
